9
input	7
dense	14
relu	0
dense	7
relu	0
dense	4
relu	0
dense	3
linear	0
0.0010000000474974513
1.6293412e-01	-3.1268466e-03	8.7429672e-02	3.2610174e-02	7.7943467e-02	1.7907832e-02	5.4018848e-02	-6.0927317e-02	-1.0141227e-01	-4.0215440e-02	2.4036244e-02	-7.4916594e-02	1.1801764e-01	3.1504106e-02
3.0238533e-01	1.0591280e-01	2.2858972e-02	4.2153839e-02	1.3139371e-02	-1.5650338e-02	1.0344400e-01
4.2133885e-03	1.2314426e-01	1.6823016e-01	1.7269149e-01
6.1549214e-03	5.2631557e-01	1.6428055e-02
-3.6363572e-02	-8.2343473e+00	-9.9096246e-02	-1.5221190e-01	1.5233716e-02	-6.1807644e-02	1.0787281e-01	-9.2189066e-02	1.0136098e-01	-1.9387333e-01	-3.4844518e-01	-4.9721768e-01	-2.6405451e-01	4.2372406e-01	-7.0768714e-02	7.8988898e-01	3.9191562e-01	-6.3849342e-01	3.0427843e-02	-1.9011438e-01	2.6360217e-02	-6.4795926e-02	-5.3010601e-01	-3.3310014e-01	6.4554608e-01	-4.4723932e-02	-2.6239758e-02	3.6166742e-01	-1.7352227e-02	-1.2766137e+01	-5.1189698e-02	1.8743943e-02	-9.5736133e-03	-3.2548478e-03	-4.7689117e-02	1.8970680e-03	7.1731603e-01	-1.5619552e-01	-4.1929307e+00	6.8080992e-02	-1.1527656e+00	-3.7579539e-01	-1.8999517e-02	7.8276020e-01	-1.8771093e-01	2.2134821e-01	5.9148557e-03	-3.1342883e-02	2.9761183e-01	4.3854741e-03	-2.4072542e+00	2.3881206e-01	6.3015157e-01	1.4960068e-02	1.1234038e-01	2.7747163e-01	6.7879558e-03	3.1003901e-01	4.2517158e-01	1.3867173e+00	1.5873352e-02	1.2635745e-01	3.7396792e-01	9.7039610e-02	1.3562399e+00	3.3114305e-01	1.9418664e-02	7.2764039e-02	3.3481762e-02	-1.8730935e-01	-1.6290443e-03	-1.7549786e+01	1.9757563e-02	6.7954920e-03	-2.4764568e-03	3.1566895e-03	2.4780405e-03	1.4567705e-02	3.9833441e+00	1.7940643e-01	-1.3915640e-01	1.3111172e-02	-2.9650783e-02	1.3533188e-02	1.8566146e-01	-9.8565596e-01	-2.8485176e-01	2.2902508e-01	-4.9225131e-01	4.0642637e-01	-1.9427149e-01	1.6799721e-01	-1.1338841e+00	3.5332363e-02	6.1938644e-04	-1.5959197e-01	-1.2440891e+00	6.0778424e-02
-8.3254540e-01	-1.4519274e-01	-1.0425359e-01	7.2323196e-02	-1.3383311e+00	-1.7693172e-01	9.8089434e-02	-1.1376206e-01	-1.5157548e-03	1.5654111e-02	-4.6399155e+00	2.6647645e-01	3.8978991e-03	-1.9910075e-01	-9.8697037e-02	-3.9990342e-01	2.0514856e-01	1.3456880e-01	-2.5732298e+00	1.6100895e-01	-6.6478884e-01	-4.9089905e-02	1.4722595e-01	1.5591834e-01	-4.0630994e+00	-2.6816290e-02	-2.4677014e-01	4.9389668e-02	2.0158587e+00	4.4628966e-01	-3.1990674e-01	-3.2573605e-01	-2.0918477e+00	3.5540915e-01	-2.9160613e-01	-8.4145986e-02	-9.1038167e-02	-2.0932026e-01	-2.9653704e+00	-2.6133797e+00	-1.5280517e-03	1.4078349e-01	-5.0721163e-01	-4.2968503e-01	5.7062989e-01	-3.6167043e-01	6.9418949e-01	2.6274440e+00	4.2989114e-03	1.1122442e+00	-1.0233568e+00	8.2344212e-02	-6.1084288e-01	-5.8322936e-01	-1.5118119e-01	3.5731480e-01	-1.7469954e-01	-3.8966286e-01	-4.4867858e-01	-5.2716702e-01	2.0206635e+00	-1.7195098e-01	8.4245753e-01	3.1351334e-01	-8.2315184e-02	-1.5053812e-01	2.2659924e+00	2.6814187e-01	1.1646762e-02	-3.6440891e-01	1.3732594e+00	4.2014229e-01	-1.1359814e-01	-1.3966877e+00	-3.8395851e+00	-2.7859634e-01	3.8670856e-01	-1.1697993e-01	-9.6901190e-03	1.1647636e-01	-1.4589297e+00	3.5083181e-01	-2.6583254e-02	7.0406939e-03	2.8314629e-01	3.7579626e-01	5.1285740e-02	-4.4910169e-01	-1.2112447e+00	-7.2427295e-02	2.8049150e-01	-1.1502021e-02	1.5990573e-01	3.2956818e-01	-3.4901009e+00	1.8706894e-01	-2.6235580e-01	2.3483321e-01
1.9320059e+00	-6.4880258e-01	7.8562313e-01	-7.2164053e-01	-8.1478935e-01	-9.0844977e-01	2.2589722e-01	6.9921798e-01	-8.5000223e-01	2.7880385e+00	9.5815897e-01	-4.6491694e-01	-9.9842304e-01	8.8497883e-01	1.0388600e-01	6.8969464e-01	1.3408552e+00	-1.1300296e+00	1.3061917e+00	-5.7592958e-01	-3.3566821e-01	-7.2979635e-01	-1.1239443e+00	2.5734971e+00	-2.8424588e-01	1.6647846e-01	-1.5734193e+00	1.0906957e-01
-2.9497272e-01	1.1965690e+00	1.1743532e+00	-2.4276228e+00	-6.2071210e-01	1.3632984e+00	-9.4181681e-01	-6.1207575e-01	1.2359675e+00	5.2450269e-01	3.0834529e-01	-6.6750401e-01
